0.081181 208
0.016298 171
0.000888 8
4.089078 10
0.003120 48
0.161869 21
0.524419 27
0.233025 21
0.129709 21
0.244630 21
0.199166 21
0.711156 35
0.100145 16
0.385204 7
0.002861 11
0.122057 28
0.000064 2
0.007282 168
0.000528 42
0.012137 171
0.000899 8
6.053545 10
0.000742 47
0.162025 21
0.311458 27
0.316159 21
0.122461 21
0.299933 21
0.255385 110
0.663333 14
0.001773 11
5.610698 50
0.131293 50
0.106286 50
0.102207 50
0.100286 50
0.237358 50
0.174316 50
0.100573 50
0.100347 50
0.100697 50
0.100475 50
0.100886 50
0.100781 50
0.100873 50
0.422048 50
0.095334 50
0.101167 50
0.110427 50
0.101254 50
0.810576 50
0.205239 50
0.944247 50
0.720890 50
0.100051 50
0.004330 53
0.000717 4
0.019304 1711
0.197657 8
0.064289 19
4.558384 1
0.164397 1
0.205841 1
0.107355 1
1.268096 1
0.671146 1
0.205021 1
0.501079 1
0.105206 1
1.160391 1
0.423380 1
0.166641 1
0.129558 1
0.387961 1
0.228579 1
0.176212 1
0.187240 1
0.971617 3
0.028814 4
0.025849 67
0.000028 2
0.079995 55
3.597060 1
0.159381 1
0.391582 1
0.141538 1
0.177553 1
0.215443 1
0.143490 1
0.165525 1
0.000081 2
0.017354 4
0.007124 2
0.000025 39
0.000031 2
0.000026 2
0.000028 47
0.000022 2
0.000027 47
0.000023 2
0.000025 2
0.002012 2
0.000020 44
0.000031 2
0.000026 2
0.000027 48
0.000023 2
0.000025 48
0.000022 2
0.000028 87
0.000026 2
0.000026 52
0.000023 2
0.000024 2
0.000659 2
0.000016 15
0.000024 2
0.000025 2
0.000025 11
0.000023 2
0.000028 11
0.000022 2
0.000024 22
0.000022 2
0.000024 2
0.000023 2
0.000160 2
0.000030 78
0.000025 2
0.000024 2
0.060336 55
3.123496 1
0.222967 1
0.275116 1
0.123502 1
0.648521 1
0.580539 1
0.170157 1
0.846137 3
2.044401 1
0.124759 1
2.053517 1
0.151100 1
0.376062 1
1.040565 1
0.420342 1
0.892516 1
0.527151 1
0.261694 1
0.307122 1
4.334376 1
0.149021 1
0.228162 1
1.052954 3
0.028131 4
0.012920 25
0.073035 55
1.506383 1
0.613499 1
0.307212 1
0.133108 1
0.587002 1
0.147493 1
0.308225 1
1.933811 1
0.156280 4
6.668978 1
0.080558 1
0.214303 1
0.393440 1
0.279889 1
0.159723 1
0.220105 1
1.588067 1
5.029411 1
0.207160 1
0.170639 1
0.161899 1
0.198973 1
0.909281 1
0.253149 1
0.191263 1
0.360986 1
0.154494 1
0.166917 1
1.101137 1
1.652593 1
1.966931 8
0.032653 1
1.413484 1
0.000314 3
2.067799 1
0.321603 3
2.540754 1
0.002745 2
0.012283 4
0.012127 44
0.072249 55
1.803077 1
0.114356 1
0.264228 1
0.619734 1
0.000043 2
0.017951 4
0.209666 2
0.001080 70
45.094375 2
0.001780 62
0.039848 35
0.079396 55
1.366729 1
0.244308 1
0.275496 1
0.102720 1
0.687473 1
0.291909 1
0.183167 1
0.945412 3
1.033544 1
0.148155 1
0.123523 1
0.331859 1
0.767269 3
0.020701 4
0.023821 13
0.001071 2
0.062304 55
1.129274 1
0.108810 1
0.211591 1
0.346499 1
0.000092 2
0.026358 4
0.096567 2
0.001870 68
0.000012 2
313.222369 65
0.465269 4
1.709481 4
0.651233 122
0.025391 2
0.000750 4
0.114875 22
11.868976 1
0.139242 1
0.254547 1
0.179312 1
0.649193 1
0.118416 1
0.316099 1
0.249672 1
0.641639 3
0.030322 4
0.177567 88
0.038051 90
0.000052 2
0.259595 85
0.000137 2
0.056138 84
0.000031 2
0.050552 83
0.000048 2
0.061024 83
0.000032 2
0.066226 85
0.000099 2
0.057478 85
0.000043 2
0.052614 80
0.000094 2
0.046716 78
0.000028 2
0.014776 82
0.000035 2
0.055896 80
0.000069 2
0.054693 84
0.000029 2
0.055005 86
0.000027 2
0.052299 82
0.000035 2
0.056055 90
0.000198 2
0.053217 85
0.000028 2
0.052879 88
0.000269 2
0.051265 84
0.000027 2
0.123058 22
39.122432 31
24.721044 3
0.023265 4
0.386554 55
2.046346 1
0.120637 1
0.261887 1
0.078408 1
3.640338 1
0.114542 1
0.165017 1
0.349249 1
0.174254 1
0.982313 4
0.957383 1
0.116585 1
0.244860 1
0.305284 1
0.186345 1
0.296475 1
0.236768 1
0.125371 1
0.603287 4
0.164095 4
0.082310 4
0.110259 4
0.123141 4
0.113253 4
0.108469 4
0.143052 1
0.001691 3
1.271573 1
0.243110 1
0.797457 1
0.424786 1
0.000913 7
2.004847 1
0.163665 7
1.614370 1
0.143508 8
0.941367 4
0.371439 3
0.023401 4
0.080549 62
2.675801 1
0.170865 1
0.258975 1
0.164225 1
0.140511 1
0.195974 1
0.152654 1
0.113816 3
0.015709 4
0.007707 232
0.000717 84
0.063429 62
2.131537 1
0.228476 1
0.336633 1
0.117360 1
0.263879 1
0.161854 1
0.200304 1
0.138097 1
0.117213 3
0.019840 4
0.005680 2
0.001056 15
0.012911 313
0.066743 62
3.554541 1
0.229437 1
0.287716 1
0.115324 1
0.531758 1
0.210485 1
0.481916 1
0.130139 1
0.267530 1
0.187455 1
0.199911 1
0.843232 1
0.812763 1
0.159766 1
0.235508 3
0.014757 4
0.009303 12
0.000030 2
0.080677 62
4.741311 1
0.121118 1
0.209115 1
0.874202 3
0.028079 4
0.114058 2
0.000583 42
0.000022 2
1.062443 91
0.004788 2
0.311677 52
0.001003 2
21.332294 42
0.012100 42
0.001057 2
0.001619 2
0.000618 43
0.000047 2
0.000598 2
0.000538 43
0.000045 2
0.000537 2
0.000530 2
0.113159 88
0.054737 78
0.000153 2
0.031664 82
0.018231 87
0.015592 90
0.015284 84
0.015077 87
0.015399 87
0.016176 86
0.018087 85
0.000491 2
0.017559 92
0.019971 88
0.014691 92
0.018635 85
0.026935 86
0.008802 80
0.000034 2
0.016225 85
0.035967 84
0.042073 86
0.000030 2
0.000100 2
0.004641 50
0.069386 62
7.024134 1
0.221210 1
0.182238 1
0.201266 1
0.150406 1
0.136032 3
0.014558 4
0.096422 11
0.000070 2
0.000057 11
0.000026 2
0.000026 2
0.000027 163
0.000027 2
0.000026 163
0.000027 2
0.000025 158
0.000027 2
0.000038 158
0.000027 2
0.000027 158
0.000029 2
0.000031 158
0.000030 2
0.000030 158
0.000031 2
0.000025 158
0.000031 2
0.000026 158
0.000029 2
0.000026 158
0.000039 2
0.000040 158
0.000043 2
0.000039 158
0.000037 2
0.000035 105
0.000034 53
0.000031 2
0.000041 158
0.000036 2
0.000036 158
0.000039 2
0.000037 158
0.000036 2
0.000040 158
0.000044 2
0.000037 158
0.000041 2
0.000038 158
0.000040 2
0.000044 158
0.000039 2
0.000038 158
0.000045 2
0.000046 158
0.000044 2
0.000044 158
0.000029 2
0.000026 2
0.067541 62
5.625428 1
0.157543 1
0.215640 1
0.087606 1
1.696168 1
0.149375 1
0.488122 1
0.173695 1
0.189694 1
0.001878 6
17.263354 1
0.217220 1
1.056875 1
0.134408 7
2.235096 1
0.227106 1
0.164234 1
0.197134 1
0.632270 1
0.849093 1
0.002690 1
1.075428 1
0.137132 1
1.000796 1
0.002321 170
2.593889 1
0.209429 6
1.835877 1
0.002361 3
2.082003 3
0.021695 4
0.095999 65
7.601377 1
0.168415 1
0.655810 1
0.127511 1
1.358716 4
0.319601 1
0.246380 1
0.243539 1
0.177323 1
0.396156 1
0.000634 2
0.018927 4
0.012551 2
0.000032 49
0.000015 2
0.000013 2
0.000014 63
0.000013 2
0.000013 63
0.000013 2
0.000014 112
0.000013 2
0.000013 95
0.000014 2
0.000013 91
0.000013 2
0.000014 84
0.000013 2
0.000013 75
0.000012 2
0.000014 99
0.000013 2
0.000013 118
0.000013 2
0.000013 71
0.000013 2
0.000013 82
0.000013 2
0.000013 97
0.000014 2
0.000013 65
0.000012 2
0.000014 67
0.000012 2
0.000013 93
0.000013 2
0.000013 69
0.000013 2
0.000013 109
0.000014 2
0.000013 102
0.000013 2
0.000013 104
0.000012 2
0.000013 87
0.000013 2
0.000014 103
0.000012 2
0.000013 86
0.000013 2
0.000014 39
0.000013 33
0.000013 2
0.000013 2
0.000572 2
0.000019 17
0.000013 2
0.000013 2
0.000013 20
0.000013 2
0.000013 20
0.000014 2
0.000013 28
0.000013 2
0.000013 2
0.000013 2
0.000195 2
0.000014 78
0.000014 2
0.000013 2
0.068827 65
5.658180 1
0.100519 1
0.220428 1
0.772355 3
0.015310 4
0.060438 32
0.137634 107
0.077166 280
0.000027 2
0.000099 85
0.000030 2
0.000024 4
0.000225 33
0.000037 2
0.000025 6
0.001898 11
0.000021 3
0.000025 4
0.000025 1
0.000150 3
0.000036 2
0.000067 1
0.000025 82
0.000027 2
0.000028 1
0.000024 84
0.000024 2
0.000029 1
0.000022 154
0.000027 2
0.000031 1
0.000023 144
0.000026 2
0.000027 1
0.000026 124
0.000027 2
0.000030 1
0.000022 117
0.000025 2
0.000031 1
0.000022 116
0.000025 2
0.000036 1
0.000024 169
0.000031 2
0.000147 1
0.000032 149
0.000028 2
0.000030 1
0.000022 160
0.000034 2
0.000028 1
0.000023 150
0.000025 2
0.000028 1
0.000022 154
0.000027 2
0.000033 1
0.000022 153
0.000026 2
0.000027 1
0.000022 176
0.000029 2
0.000028 1
0.000023 163
0.000029 2
0.000028 1
0.000023 146
0.000026 2
0.000028 1
0.000023 150
0.000025 2
0.000028 1
0.000023 154
0.000034 2
0.000029 1
0.000029 154
0.000164 2
0.000051 1
0.000024 152
0.000027 2
0.000027 1
0.000021 146
0.000026 2
0.000031 1
0.000024 162
0.000030 2
0.000028 1
0.000022 163
0.000030 2
0.000027 1
0.000022 151
0.000025 2
0.000032 1
0.000022 156
0.000026 2
0.000028 1
0.000023 142
0.000025 2
0.000030 1
0.000022 148
0.000025 2
0.000027 1
0.000022 156
0.000027 2
0.000035 1
0.000022 139
0.000026 2
0.000046 1
0.000027 131
0.000025 2
0.000032 1
0.000022 134
0.000027 2
0.000027 1
0.000024 141
0.000026 2
0.000032 1
0.000022 109
0.000025 2
0.000027 1
0.000022 107
0.000024 2
0.000029 1
0.000022 141
0.000025 2
0.000029 1
0.000022 141
0.000027 2
0.000028 1
0.000022 98
0.000024 2
0.000032 1
0.000022 92
0.000024 2
0.000029 1
0.000022 91
0.000023 2
0.000027 1
0.000024 88
0.000024 2
0.000028 1
0.000068 88
0.000034 2
0.000035 1
0.000022 103
0.000025 2
0.000030 1
0.000022 93
0.000026 2
0.000029 1
0.000022 101
0.000024 2
0.000027 1
0.000022 86
0.000023 2
0.000030 1
0.000022 92
0.000023 2
0.000028 1
0.000022 74
0.000024 2
0.000029 1
0.000022 94
0.000023 2
0.000027 1
0.000022 91
0.000024 2
0.000030 1
0.000021 39
0.000024 2
0.000112 98
0.000027 2
0.000023 4
0.000023 33
0.000030 2
0.000024 6
0.000022 11
0.000023 3
0.000022 4
0.000153 1
0.000028 3
0.000023 2
0.000033 1
0.000024 103
0.000025 2
0.000033 1
0.000022 114
0.000025 2
0.000028 1
0.000023 133
0.000025 2
0.000029 1
0.000023 144
0.000025 2
0.000030 1
0.000023 124
0.000025 2
0.000027 1
0.000022 117
0.000027 2
0.000032 1
0.000022 116
0.000028 2
0.000027 1
0.000023 169
0.000032 2
0.000030 1
0.000023 149
0.000036 2
0.000044 1
0.000036 160
0.000213 2
0.000087 1
0.000026 150
0.000028 2
0.000033 1
0.000023 154
0.000036 2
0.000029 1
0.000024 153
0.000026 2
0.000033 1
0.000023 176
0.000033 2
0.000031 1
0.000026 163
0.000030 2
0.000031 1
0.000023 146
0.000026 2
0.000027 1
0.000023 150
0.000025 2
0.000031 1
0.000024 154
0.000026 2
0.000027 1
0.000023 154
0.000025 2
0.000028 1
0.000022 152
0.000025 2
0.000029 1
0.000022 146
0.000026 2
0.000028 1
0.000022 162
0.000031 2
0.000028 1
0.000022 163
0.000029 2
0.000029 1
0.000022 151
0.000026 2
0.000043 1
0.000027 156
0.000026 2
0.000035 1
0.000022 142
0.000025 2
0.000027 1
0.000022 148
0.000025 2
0.000027 1
0.000023 156
0.000025 2
0.000031 1
0.000022 139
0.000025 2
0.000027 1
0.000022 131
0.000025 2
0.000034 1
0.000030 134
0.000031 2
0.000033 1
0.000030 141
0.000031 2
0.000091 1
0.000032 109
0.000031 2
0.000034 1
0.000028 107
0.000031 2
0.000036 1
0.000028 141
0.000032 2
0.000037 1
0.000036 141
0.000032 2
0.000039 1
0.000029 98
0.000030 2
0.000033 1
0.000028 92
0.000030 2
0.000036 1
0.000028 91
0.000032 2
0.000033 1
0.000029 88
0.000030 2
0.000033 1
0.000028 88
0.000031 2
0.000037 1
0.000028 103
0.000031 2
0.000037 1
0.000028 93
0.000030 2
0.000034 1
0.000028 101
0.000030 2
0.000034 1
0.000028 86
0.000030 2
0.000036 1
0.000030 92
0.000040 2
0.000053 1
0.000045 74
0.000271 235
0.105514 77
0.427973 80
0.002578 56
0.289771 55
0.039302 277
0.739098 35
0.005739 2
0.000191 36
0.000041 2
0.010648 70
0.000032 2
0.000117 25
0.000029 2
0.206610 65
0.000231 2
6.255501 107
0.086891 52
0.031350 218
0.139232 75
0.007890 99
0.046241 38
0.015119 67
0.042948 75
0.000297 2
0.004645 55
0.028284 203
0.243008 58
0.000144 2
0.030528 237
0.000037 2
0.162013 75
0.121864 55
0.000138 2
0.048527 279
0.132115 35
0.000030 2
0.000041 36
0.000026 2
0.127967 31
0.000053 2
0.000012 14
0.000011 2
0.000010 2
0.000010 58
0.000010 2
0.000010 58
0.000010 2
0.000011 58
0.000010 2
0.000051 58
0.000018 2
0.000011 2
0.000515 54
0.000017 2
0.072657 53
0.000082 2
0.028365 275
0.000391 2
0.126359 37
0.008805 66
0.064804 67
6.264652 104
0.001391 175
0.245194 52
0.026604 218
0.135255 37
0.006667 66
0.064017 38
0.011026 67
0.034838 75
0.002068 2
0.003611 53
0.000064 2
0.030542 33
0.000035 2
727.092821 77
0.005007 2
1397.633122 4
2.825861 3
0.636774 3
0.251158 6
0.911429 4
0.845711 3
0.176849 3
0.202098 6
18.014211 2
0.000022 8
0.010334 169
0.004188 17
0.065316 61
0.000995 61
0.629562 55
0.104511 65
3.594212 3
2.237837 3
0.015452 4
0.077755 2
0.000093 105
0.198355 75
0.000027 2
0.499838 80
0.000089 56
0.111157 55
0.039710 277
0.368243 75
0.080325 52
0.028561 218
0.178476 35
0.000028 2
0.000040 36
0.000026 2
0.071521 60
0.027764 239
0.126339 75
0.074812 57
0.029622 279
0.132001 75
0.064914 163
0.000433 56
0.056232 55
0.034049 277
0.133897 37
0.006364 66
0.060218 67
5.897874 122
0.069247 52
0.032256 218
0.116915 37
0.009061 66
0.052583 38
0.004466 67
0.017051 77
0.006494 55
0.026321 35
6.543773 2
0.000424 8
0.011095 69
0.000222 2
0.004316 17
0.007132 59
0.001127 2
0.000982 61
0.808657 55
0.070052 65
1.118312 3
0.380422 3
0.000261 7
0.507540 42
4.856839 43
1.745770 14
0.555814 8
0.331675 5
0.000446 35
1.005783 3
0.016986 4
0.080948 65
0.914776 35
0.461452 41
0.903437 10
0.701594 42
0.737110 45
0.928763 3
0.020551 4
0.014834 2
0.000122 49
0.000032 2
0.000027 2
0.000026 63
0.000026 2
0.000024 63
0.000027 2
0.000030 112
0.000031 2
0.000026 95
0.000025 2
0.000025 91
0.000024 2
0.000026 84
0.000025 2
0.000026 75
0.000024 2
0.000029 99
0.000025 2
0.000027 118
0.000025 2
0.000028 71
0.000025 2
0.000026 82
0.000024 2
0.000025 97
0.000025 2
0.000025 65
0.000024 2
0.000026 67
0.000034 2
0.000040 93
0.000027 2
0.000026 69
0.000024 2
0.000026 109
0.000025 2
0.000028 102
0.000025 2
0.000025 104
0.000026 2
0.000026 87
0.000024 2
0.000026 103
0.000025 2
0.000025 86
0.000026 2
0.000094 39
0.000036 33
0.000028 2
0.000030 2
0.000707 2
0.000063 17
0.000025 2
0.000026 2
0.000032 20
0.000024 2
0.000025 20
0.000024 2
0.000026 28
0.000023 2
0.000026 2
0.000028 2
0.000219 2
0.000041 78
0.000037 2
0.000042 2
0.077657 65
1.075215 7
0.390153 7
0.000772 35
0.522830 41
1.066144 3
0.030761 4
0.049629 2
0.000321 103
0.000056 2
0.120512 75
0.001490 2
0.320767 80
0.000218 56
0.066445 55
0.039473 277
0.122865 75
0.076201 52
0.039297 218
0.115413 75
0.067513 60
0.033532 237
0.000601 2
0.114939 75
0.067958 57
0.027116 279
0.111389 75
0.067458 163
0.000625 54
0.000320 2
0.057709 55
0.028371 277
0.116681 37
0.006723 66
0.061801 67
5.864092 122
0.065027 52
0.028487 218
0.114895 37
0.006459 66
0.044846 38
0.0132810.635289 2
0.026678 77
0.003856 2
6296.885035 2
0.391286 30
2.003473 1
0.696560 2
0.369266 80
0.213291 77
0.979237 1
0.333201 1
0.318957 1
0.159520 1
0.589498 3
0.020650 4
1.458808 168
0.031021 40
0.004290 2
0.171567 123
0.000044 2
0.000081 36
0.000100 3
0.006160 7
0.007639 8
1.387256 9
0.329299 22
0.347594 32
0.105576 47
0.690034 18
0.001422 199
0.001034 42
0.011104 123
0.002372 48
0.000892 8
7.857833 9
0.001085 40
0.227623 22
0.319132 37
0.103729 47
0.340310 7
0.001720 8
0.000032 1
0.000017 2
30630 32
0.105209 47
1.245506 7
0.002253 8
0.000179 1
0.000061 2
